1723086409030
1723086428231
1723086445627
1723086462370
1723086474824
1723086499065
1723086527121
1723086544202
1723086564918
1723086586543
1723086597589
1723086604128
1723086648978
1723086662184
1723086669529
1723086687342
1723086702448
1723086709793
1723086717709
1723086740818
1723086747858
1723086759128
1723086766166
1723086774019
1723086825030
1723086834881
1723086846776
1723086857034
1723086876380
1723086886712
1723086894509
1723086901762
1723086945513
1723086956290
1723086964082
1723086970264
1723087198850
1723087202512
1723087205471
1723087215611
1723087274849
1723087600999
1723087608664
1723087616347
1723087624360
1723087631317
1723087637597
1723087648184
1723087665599
1723087730696
1723087735462
1723087740712
1723087747473
1723087756507
1723087764952
1723087769130
1723087772417
1723087777323
1723087824458
1723087829872
1723087837237
1723087840893
1723087843359
1723087848493
1723087873256
1723087877243
1723087951387
1723087953398
1723087954169
1723087958082
1723087970889
1723087984136
1723087998115
1723088006876
1723088068565
1723088089232
1723088095069
1723088102320
1723088108183
1723088113437
1723088117024
1723088124118
1723088127598
1723088176457
1723088181443
1723088188363
1723088191304
1723088196170
1723088200809
1723088264159
1723088268451
1723088275316
1723088279759
1723088285713
1723088290231
1723088294566
1723088314852
1723088321729
1723088369650
1723088381568
1723088383807
1723088390363
1723088392430
